#Man Data
-1 0 503 400 263 397 1 14750
1 0 0 0
48.521453 -15.000000 6.000000 0.000000 48.452684 360.000000 0.000000 30.000000 100.000000#Weapon Data
6
Glock
1205 15 15
AK47
71 30 30
Grenade on AK47
0 0 1
AWM
0 0 10
Desert Eagle
0 0 8
M249
0 0 100
#Some Data
430 457 1 8 0
#Zombie Data
76 80 0
#1
0 0 47 400 0 0 13 100 500
0 1 0
0.000000 0.000000 0.000000 0.000000 -155811.011808 0.000000
255 2 400
#2
0 9 32 400 0 0 12 100 500
0 1 0
0.000000 0.000000 0.000000 0.000000 -155811.011847 0.000000
255 2 400
#3
0 18 1037 400 0 0 8 100 500
0 0 0
0.000000 0.000000 0.000000 0.000000 -155811.011860 0.000000
255 1 400
#4
0 4 1051 400 0 0 8 100 500
0 0 0
0.000000 0.000000 0.000000 0.000000 -155811.011869 0.000000
255 1 400
#Bull Data
#Grenade Data
#Boom Data
#Blood Data
#Smog Data
